3W,0,0,2L,0,0,0,3W,0,0,0,2L,0,0,3W
0,2W,0,0,0,3L,0,0,0,3L,0,0,0,2W,0
0,0,2W,0,0,0,2L,0,2L,0,0,0,2W,0,0
2L,0,0,2W,0,0,0,2L,0,0,0,2W,0,0,2L
0,0,0,0,2W,0,0,0,0,0,2W,0,0,0,0
0,3L,0,0,0,3L,0,0,0,3L,0,0,0,3L,0
0,0,2L,0,0,0,2L,0,2L,0,0,0,2L,0,0
3W,0,0,2L,0,0,0,S,0,0,0,2L,0,0,3W
0,0,2L,0,0,0,2L,0,2L,0,0,0,2L,0,0
0,3L,0,0,0,3L,0,0,0,3L,0,0,0,3L,0
0,0,0,0,2W,0,0,0,0,0,2W,0,0,0,0
2L,0,0,2W,0,0,0,2L,0,0,0,2W,0,0,2L
0,0,2W,0,0,0,2L,0,2L,0,0,0,2W,0,0
0,2W,0,0,0,3L,0,0,0,3L,0,0,0,2W,0
3W,0,0,2L,0,0,0,3W,0,0,0,2L,0,0,3W
